1071481315092910080
1071479079558213632
1071479075699490816
1071454998414921728
1071434642555920385
1071408939684806659
1071408938522996741
1071389414239162369
1071387078901030913
1071382401954267136
1071177621445230596
1071159669949911044
1071146400019169280
1071132880368132096
1071076523719909376
1071076519584268288
1071076077903040513
1071055923848855553
1071053351851356160
1071036505676808194
1071030014123098112
1071015457409384453
1071009820575186945
1071006628487540738
1071003598023221248
1071001119697108992
1070879369432850433
1070877666654519297
1070877381861277696
1070875222205759488
1070844413910368256
1070837085538525185
1070726434648440833
1070698825571012613
1070521302652469248
1070504263606890496
1070328136150200320
1070315986287583232
1070312880095068160
1070306739092889601
1070298360572198913
1070110615627333632
1070089367224549377
1070089365995642881
1069990310175014914
1069972093301862406
1069970500535902208
1069968462724980736
1069962093301022720
1069960017204469760
1069778641603780608
1069678284580012032
1069631759573225474
1069621305245409281
1069619316319035392
1069614615510859776
1069613383622803456
1069588404172726272
1069584730880974849
1069581524180324352
1069577273819443200
1069575605199482881
1069441198157455360
1069324231333289991
1068887938761662465
1068887935838228480
1068826073775964160
1068743940755660800
1068687025505595392
1068661832578158592
1068601345949687808
1068600355225690112
1068516326010830849
1068491952696557575
1068444287380025344
1068442531887632384
1068346689784696833
1068339979250675712
1068336562729938945
1068319160093032448
1068294634160287744
1068275406141149184
1068274204208812033
1068271965343862785
1068266949115695104
1068266944715878402
1068264306947411968
1068181371883909121
1068181367857397760
1068120444279103488
1068116413498429445
1068110895409233921
1068106609644183554
1068001369746022400
1068000629409398784
1067924142316494848
1067812811068383232
1067792610180456448
1067791101782831104
1067775022331236352
1067624656943935493
1067623816921272325
1067576713859817472
1067494682249318402
1067494680416407552
1067410952042283010
1067404517841518593
1067398375337791488
1067395266511347713
1067151249668214793
1067151248040824833
1067142820388052993
1067142819008122885
1067142262545674240
1067066584882126848
1067063727994884096
1067015026995879937
1066876053170339840
1066873981293260801
1066793504804913152
1066790517944606721
1066788767133040640
1066786854643662848
1066689688600281088
1066685057648214018
1066682146683846657
1066670550708301824
1066665948193669120
1066480700046655488
1066478927143677952
1066116263649382400
1066017112425185280
1065948536498544640
1065743662464802817
1065718109624066049
1065623990746710022
1065601413189984256
1065583286188158976
1065581119242940416
1065576088779272192
1065575219576926208
1065403512559992832
1065400254151954432
1065368645021388800
1065359825654169600
1065357030985252865
1065351478347530241
1065346909362143232
1065261943202738178
1065247567443869696
1065225940836458496
1065225779825598465
1065102519188275201
1065088330969305089
1064734907941994497
1064596708875747328
1064544156960387072
1064540462848098304
1064526362994778113
1064246787161145346
1064245710747590657
1064227483187318784
1064216956679716864
1064209246114459648
1063987157650485249
1063835936604090368
1063834733430206465
1063834729584054272
1063833980720504832
1063758107229257728
1063631319739953152
1063593459695669254
1063593456579354624
1063591994738515968
1063591735169871872
1063549250250960897
1063517548258447361
1063516048647995394
1063170699500642304
1063169733535678464
1063168341941063680
1063161848952836096
1063084073231544320
1063081553075625984
1063046973857718272
1063042585802039296
1063038733673525248
1062849316161753093
1062830145768165377
1062796884648120320
1062791114716000258
1062789364399390720
1062459010660622339
1062455263247155200
1062450942707228672
1062429580521168896
1062391577807601664
1062382618870726656
1062371844836261891
1062333882610171907
1062333534214520832
1062331024426913792
1062311785787744256
1062153051459469312
1062047641889095684
1062045654711713792
1062020057616793600
1062005636488142848
1061962869376540672
1061957074253418496
1061954325843468288
1061952604807274498
1061840511026298880
1061650654194745344
1061632874808520709
1061623758161625089
1061554334276747264
1061383163811893248
1061382890100002817
1061335051294728194
1061334384337399808
1061259607086112769
1061171030801158146
1061168803218948096
1061107399426220037
1061104224090628097
1061003186125856769
1060993836984324096
1060964991510110208
1060960329876697088
1060958713047961600
1060949297900834816
1060942600994050048
1060938144336367616
1060924708101644288
1060923822851874816
1060908430062481408
1060723241193484288
1060515116700045312
1060511925883285504
1060256623439110146
1060256619383193601
1060194964351660033
1060162807960870913
1060155917059219461
1060153052676702208
1060148982968733696
1060141780878979072
1060138691778301953
1060130202418864129
1060061704850206720
1060058718937800704
1060056007316045825
1060022696703070208
1059897349005283334
1059896399595225089
1059880322500833281
1059870147845017601
1059867563746824192
1059833982777544705
1059827782434328582
1059695972907921408
1059674931737300993
1059630186738737152
1059623256087506944
1059618041716228096
1059612735271505920
1059611961539915776
1059573108464648198
1059561007520116741
1059557569818181632
1059550850673229826
1059505422430801920
1059470847751131138
1059469158830796800
1059464880955277312
1059460759179198470
1059439426022137856
1059435440497934337
1059433483423178752
1059317426653933568
1059310562771984390
1059264061030969344
1059258034474704897
1059230569257680896
1059220177169063941
1059174162965716992
1059152270342975489
1059101889898430464
1058913612813791232
1058898124448677890
1058896605527597056
1058893955084025856
1058829196062048257
1058829182275411979
1058827516427808768
1058825551090237441
1058820790546821120
1058781668151050240
1058762842629984256
1058758825300365312
1058715144442781696
1058711461214724097
1058691406263451648
1058687674742120448
1058673875372908544
1058553398172237824
1058531139034451969
1058521517821190146
1058519264771096576
1058498592208494592
1058482506037641216
1058477374872920064
1058388700617498625
1058356796262412288
1058354748578033664
1058187885042716672
1058182740414226433
1058119417278676992
1058100070158098433
1058065450075086850
1058064549977473025
1057997981922873344
1057837892062666755
1057810265436090368
1057797701834813440
1057728445386539008
1057715198684000258
1057714919766925314
1057683481793302528
1057674390446448642
1057655675080314880
1057654684356395008
1057638285026254848
1057637708296794114
1057624553478897665
1057620518751428608
1057619304949133312
1057614564639019009
1057612657665171457
1057325873312026624
1057325717162213378
1057325714721124355
1057288679390097408
1057254051254013953
1057249169507803137
1057247021919297536
1057243826899877889
1057110242541080577
1057109765178966017
1057108130662899713
1057106631652196354
1057106123260678144
1057092628951502849
1057069393090355200
1057067460925505536
1057063101189836801
1057059603605831680
1056923033141698561
1056922209111994373
1056919064906469376
1056885392522260480
1056880287974649856
1056879122348195841
1056700376718684160
1056592374607024130
1056589723911757824
1056394547637485574
1056391795523895296
1056299897882923009
1056299896406450176
1056270246141681664
1056220576098992129
1056200966809288704
1056184390684995584
1056182288927649794
1056181643810168832
1056180185727418374
1056179047368134656
1056178393522339847
1056175920476766208
1055987125701742592
1055938940337672192
1055932751516332033
1055893947531382784
1055887335378874368
1055881545628704769
1055872564386398209
1055846847502258178
1055826295337172993
1055822810940129283
1055820292881350656
1055719340832686080
1055600267331285002
1055599805395812352
1055559438977900544
1055555764901822466
1055555312864952321
1055548549595873280
1055548456469778432
1055531231495024642
1055531230022766592
1055529948046331904
1055527191235227648
1055494636775657478
1055458320390217728
1055418269270716418
1055414972635926528
1055412328571850753
1055273659563171840
1055246191443763201
1055170989682757632
1055127893112696832
1055077740792160256
1055075245743374336
1055065538890735616
1055064484644089856
1054874705491120133
1054775397798178816
1054771761500377090
1054770300359991297
1054759617165754372
1054755401651179521
1054732552488083459
1054588738641178624
1054564283634266112
1054560552117133313
1054556416155910144
1054545561234427905
1054543818249388034
1054486312701517824
1054461380797943809
1054460902076862466
1054454173142380544
1054451956608049152
1054451954397667328
1054432329710608385
1054430376557535232
1054356359096033281
1054356145798856704
1054354059535269888
1054351078328885248
1054348185160896513
1054187956024590336
1054091502585069568
1054088531629490178
1054087893034172418
1053839625679183872
1053807130120200192
1053740855016574976
1053684769991454721
1053682023066288128
1053662989272793089
1053661248217202688
1053658596712431616
1053657849606234112
1053655992649506821
1053485357734408192
1053484232138358785
1053456620334678016
1053448472156749824
1053432380860456960
1053355470449127424
1053338516501889025
1053336553391452161
1053285828892463109
1053285341610668034
1053124336637247493
1053121500151074817
1053102147888328704
1053076069564071936
1053074465150578688
1053070661302669312
1053033702253424640
1053013864244219904
1053008701026693122
1052964059056885760
1052950726907969536
1052947510271111170
1052947507238658049
1052914382986973184
1052888451199262725
1052885781675687936
1052883467430694912
1052741954918866944
1052681628240281600
1052644447853453312
1052641581650640903
1052618395722559488
1052615582560923648
1052614789828993024
1052612579099521024
1052609907344715777
1052556944068755456
1052556222459727872
1052539788190986240
1052537536961306625
1052532141941301248
1052529703800721408
1052527724143763456
1052522197347119104
1052388580734263297
1052387851088867330
1052369731959820292
1052368431201341447
1052344365442588673
1052270676982333442
1052268013876064256
1052268011900555265
1052233253040640001
1052219253384994816
1052217314463100928
1052213711295930368
1052200515608690688
1052186219696803841
1052184484941049857
1052183647552491521
1052181272137801728
1052173526919196672
1052171444082360320
1052168909665824769
1051992718807830529
1051984061860904960
1051861686842474496
1051832118165139458
1051814214212485120
1051811228362919938
1051807774894624768
1051801524857384960
1051561865061502977
1051559539605164034
1051558072433463297
1051473226109513728
1051471737068670977
1051319975795933184
1051317348496490496
1051280606536105984
1051217592554323973
1051213021115285504
1051211563946975233
1051168800324931584
1051166436029358081
1051156386179141632
1051114825391239169
1051111923788513281
1051103122163204097
1050906531162677248
1050872423317471232
1050869299567562752
1050832839678353410
1050826148131860480
1050810652271529984
1050788995377049601
1050777580553588738
1050754462405537798
1050747691062493185
1050746600916754432
1050743405578457093
1050421238429077505
1050396488839430144
1050395852466995202
1050230507689189381
1050198107969982464
1050197632524660736
1050189312904581120
1050187347860627456
1050129323724816388
1050111823842893824
1050054830843199490
1050008315286171648
1050004777034309633
1049832845592723457
1049831428115062790
1049829285677203456
1049776359239643136
1049738503389675521
1049700215949860864
1049692727582048258
1049690974841135104
1049690971934511104
1049665483182694402
1049648174896504832
1049640099007356928
1049638803177127936
1049473255151755264
1049445228694962176
1049385141557030912
1049383326975373312
1049380830395609090
1049373138130280449
1049367031433383936
1049321480780099584
1049292375330361345
1048946652621541377
1048745061888880640
1048743461543763969
1048737154778759168
1048693669870501889
1048668088059584512
1048665701513187328
1048606042123395072
1048226225196552193
1048197648807854080
1048196883464818688
1048015772214353921
1048012979357270017
1047974091318149120
1047931723302887424
1047928708172894208
1047903710389534720
1047853098365079553
1047847548600377344
1047842341246173185
1047822816580722690
1047673458241560576
1047637712004636673
1047495435760427008
1047493831426498561
1047489875614883841
1047487803746074624
1047486972976095233
1047477260624773121
1047475390573371395
1047472342354604033
1047469711938736128
1047465256023445504
1047319923700060161
1047309776374259712
1047309022892707841
1047296564388147200
1047294700246454273
1047234792532529152
1047189115689754624
1047175026259189761
1047159010632355842
1047156358343282688
1047139656066842625
1047137342924959744
1046925327958708226
1046922163457011712
1046919122351792128
1046733574173544448
1046715439831797760
1046714711268622336
1046708836407685122
1046473870650290176
1046456403651698693
1046443996074127361
1046230634103025664
1046201064469549056
1046200796944191499
1046136712987103241
1046135994267963392
1045832351211835392
1045098909352235008
1045052439521624067
1045003711104331776
1045001780092956672
1044991766309621760
1044903785125089281
1044903153987203072
1044782444321361920
1044778309362622466
1044709771629260801
1044684820478119936
1044669976672698373
1044637590719221762
1044628997999665153
1044627015662538752
1044626591463215104
1044609366970814465
1044575765109624832
1044540438806482944
1044537328415506432
1044418753671417860
1044415858465001472
1044381661331410944
1044371304395276288
1044342304155348995
1044339078257356801
1044326708151820289
1044326197424009223
1044269053274193920
1044229324075929600
1043966388182953984
1043964186034868224
1043585537058181122
1043514401477877766
1043500433271066625
1043339305593139200
1043311845635833856
1043305127250194432
1043254590290911232
1043241388580646912
1043231338482921472
1043188755866079232
1043160312315146240
1043148165883416576
1043146627576258561
1043130170612244481
1043128595231604738
1043126336473055235
1043121858797686785
1042988257166819329
1042980109907451905
1042978990229606401
1042948464408055808
1042925680109924352
1042894836024586240
1042844399300952064
1042838324187213824
1042838322530398214
1042830534513229825
1042828275121369088
1042768904857247744
1042740913968164864
1042739629139664896
1042738383720726528
1042733544466989057
1042731410858168320
1042576698007539714
1042563390462418944
1042558309813895168
1042470708192919552
1042378706747109376
1042377919304269824
1042376378593804289
1042264934288175105
1042263143496511488
1042258387730399233
1042197168533241856
1042161534603063301
1042116488881217537
1042080802849390593
1042078530413240320
1042078523274485760
1042042089779994629
1042034269374361600
1042033116695670786
1042031772433883136
1042030988518408194
1041844539743498240
1041810925450342401
1041807304381870080
1041792372085010432
1041770673218236416
1041754160599900161
1041751173034848260
1041697308780515328
1041694123382726656
1041631817697251328
1041630722413527040
1041628201435521024
1041493551446675456
1041451203442487297
1041441676949184512
1041438771366060034
1041358333146525698
1041330897948160002
1041151464046043137
1041086383505465345
1041068591527993344
1041067762452455424
1041065107969777664
1041064550605496321
1041060770908393473
1040799409670377472
1040788151000883201
1040783519423913984
1040780813086928897
1040763121571438592
1040760021443850241
1040717757107589126
1040716938626965505
1040575890139348992
1040429268923236352
1040407422156857344
1040298233359200258
1040294453586665472
1040290603911794689
1040257520026181634
1040242677877551104
1040220855400386560
1040217897703026689
1040214866450178049
1040211068973469696
1040210045525536768
1040203362652880896
1040198906842427392
1040017623017287699
1040016355699949573
1039915933278580738
1039877857441402882
1039875785853681664
1039831904109948928
1039830659504779265
1039828966595616768
1039823496501768192
1039693872396468227
1039687158456639489
1039684040901779457
1039669853060325378
1039608725819088899
1039556378766069760
1039537164458053633
1039498334594052096
1039489954223542274
1039483479363399680
1039479054930530304
1039473456709021696
1039471746120908801
1039470755816374272
1039296436809154563
1039292858715578374
1039291783031734273
1039270337198927873
1039261826318524417
1039237395374325760
1039235839333679105
1039162221492928513
1039150829754888193
1039130589406875651
1039117933623078912
1039115242465374208
1039111866956566528
1039108838262284289
1039107129880272896
1038841536316944386
1038812262549663744
1038809595219791872
1038799859128696833
1038792215617830912
1038789398140084224
1038786434306650113
1038782091629088768
1038774320972095488
1038605665168764928
1038604758582484993
1038602549971116032
1038579619195224064
1038534611880603650
1038453273286664193
1038439687252307969
1038438594543845378
1038437927506923521
1038180008479608832
1038159042751983616
1038103589904777218
1038027233519001600
1038022020691161088
1038018199449567232
1037895240365928448
1037892820126683136
1037869794672799744
1037841708816318466
1037751332860555264
1037704356861276160
1037664539284844545
1037661562897682432
1037656324010663937
1037541538950209537
1037485664433070080
1037464177269514240
1037456816601485316
1037447783593254913
1037417543017877506
1037338204695941120
1037337422860873731
1037334510159966214
1037329782671859712
1037329592074350592
1037302649199177728
1037182409446490112
1037181592068911104
1037173907625832448
1037171035152506880
1037117638101688320
1037083839238164486
1037081791599915008
1037079053784821766
1037078254845390849
1037078251095687174
1037077962632450050
1037043834482552832
1036991866124861440
1036740691211284480
1036695682072158214
1036689178749227008
1036685082650705920
1036681588573130752
1036672676801196036
1036637078640058368
1036590520649306113
1036576599771111424
1036246829560680454
1036244434164310016
1036061566628757504
1036056454954995712
1036054534450229250
1036052758389051392
1035908242277376001
1035905988682018816
1035881733898547201
1035879783547199488
1035868119884021760
1035866602623979526
1035850173224824832
1035849517873201157
1035718986871320577
1035718119459893250
1035717747936768000
1035715271418413056
1035678961349668864
1035650292782653441
1035597354395680774
1035575198169411584
1035344085798801408
1035255721951035392
1035233203609657344
1035209068095434752
1035162684633825286
1035159956507566080
1035154621357064192
1035148684432953346
1035134150590783489
1035131133997068288
1035125176617365504
1035122954697433088
1035120511259500544
1035117507839967232
1034990940593823746
1034981992692166658
1034979892524457985
1034965029676883970
1034914379391807488
1034914377768620037
1034914376141168640
1034914371099676674
1034907478566359041
1034821067423014913
1034817106632761344
1034810550025433090
1034785759377727490
1034783131855998976
1034782741714399232
1034778515789545473
1034777225336369152
1034775835004358656
1034772809350885376
1034663158357655552
1034654816046329856
1034628350986338308
1034626683066826753
1034612092253470721
1034610829860261895
1034603586817339392
1034599532787630080
1034543787593347072
1034492929153359872
1034456281120206848
1034456273306243076
1034445783876161536
1034379525113753601
1034378693370630145
1034248860116430848
1034200842868383744
1034141327666163712
1034128943480299521
1034128472946434056
1034128239579549696
1034072800041099265
1034072454086447104
1034062375941550081
1033876658439245825
1033836873473568768
1033723516116500481
1033722550881329152
1033515425336885248
1033500723709992960
1033343857675644928
1033341788491317255
1033341088579440640
1033339636343549952
1033334753003536384
1033332301579661312
1033327353227882496
1033196105159372800
1033175432651321345
1033152062203342850
1033148759084093440
1033147164812300288
1033133359185055745
1033045280143355904
1033045274866999297
1033045273361178624
1033023735517863936
1032954224529817600
1032948187416416256
1032937718219714560
1032934937962442754
827715246135574530
827864176043376640
827865957750161408
827867311054974976
827874208021639168
827885966509604865
827981079042805761
827996357252243456
828024835670413312
828039143318024194
828042506851934209
828342202174668800
828343072840900610
828375073006444544
828447350200926212
828574430800539648
828575949268606977
828642511698669569
828748574255091714
829133645055135750
829299566344359936
829315036329963521
829349943613734912
829356871848951809
829357626798530561
829384587482656768
829410107406614534
829414457126313986
829446266111287305
829451566000242688
829496507841789952
829660612452036608
829681034564341760
829682794951475200
829721019720015872
829836231802515457
830042498806460417
830047626414477312
830195857530183684
830389130311921667
830407172747988992
830409522397184000
830483672096768001
830552079240409089
830555911559249926
830558065715998726
830643095150657536
830741932099960834
830747067379232769
830751875578355713
830764596235485188
830769247185952772
830804130692268032
830904083519242241
831169341358014475
831185943482793986
831214091993751552
831336432073658368
831344902990655489
831510532318429184
831599387906301952
831621079747723264
831636777110757377
831830548565852160
831837514226921472
831840306161123328
831842652085686273
831846101179314177
831853862281699331
831904516316479489
831945670324060164
831952535544070145
831979921555742732
832016501657968640
832191485701451777
832197515248275456
832230758299340800
832238070460186625
832375230274400256
832533430168608768
832554772318322688
832555987299082242
832579442790772736
832614137586933760
832708293516632065
832730328108134402
832742165436579840
832945737625387008
832950628750127106
833681539997253636
833686030679207936
833783438922629125
833838311315763200
834142323881684993
834181712783560705
834377364947816448
834384982495940613
834899071982841856
834916167177371648
834917440450609152
835104946034991106
835124485632180224
835173525522624512
835325771858251776
835465719970217984
835479283699224576
835481237879926784
835553050530099200
835608648625836032
835610917568200705
835814988686233601
835817351178301440
835916511944523777
835946001873657858
836261209540288513
836332166728527872
836406328369242113
836933725602656256
837256338203881472
837488402438176769
837633820417482754
837638488656920576
837704599704375296
837722869106880517
837766616603586560
837770149767827456
837787963027144706
837987684660412416
837989835818287106
837991759045079040
837993273679560704
837994257566863360
837996746236182529
838016045222854656
838351476401520640
838353481526312961
838441522546769923
839268048313929729
839433678275153921
839433951957696513
839448469374894080
839624377826230272
839625347524096000
839883804315684864
839968149890076672
839976956703748096
840225958854561792
840572799202783233
841270741060464648
841275470796738560
841338126316511233
841392683625172992
841665325682827265
841683431398469632
841966077005463553
841967881516679168
841970726341074945
841974528683192320
841985915778142209
842117164144431104
842164356297175040
842229104434913280
842403173742579714
842467917639913472
842494190990901248
842710123852320770
842724011234791424
842739155230740481
842762240184999936
843088518339612673
843090516283723776
843557782666317826
843772976151642112
843776582825267201
843779892776964097
843803115044454402
843813078076719107
843873596963459072
844010257454153729
844232766711648256
844240534562594817
844250273740738562
844536536930619393
844723847094026242
844886082663698436
844930836663357440
844943801848414209
845037368386207746
845247455868391425
845249587178819584
845320243614547968
845334323045765121
845628655493677056
845645916732358656
845646761704243200
845974102619906048
846166053663191040
846533818811080704
846537639167713281
846543183223963649
846672219073863681
846682464215076866
846745288735887360
846828561491202048
846841493952319489
847056211006631936
847061031293779969
847201455165624320
847236476815511552
847270189171228672
847435163143454723
847455180912181249
847558426557337600
847559239149158401
847559519085379584
847573220417044480
847625389908217856
847766558520856578
847819720418111488
847863243200753666
847867380562894848
847878820220858369
847895524632129536
847924397180583937
848153860602507264
848158641056362496
848203201094483972
848216035153121285
848299191646515202
848519587675201538
848521325480202240
848529014667055105
848701201315188736
848841326183534594
848856822312292354
848857910297980928
848880519458717698
848928217138384896
848957498040217603
848983209580822529
849330281412792320
849345573509574665
849366930133839872
849732911377117185
849807049118625792
850053194923298816
850722648883638272
850722694958075905
850723509370327040
850785347038576640
850800045012201473
851092500056072198
851092618754891781
851247294854856706
851555178910064640
851584729400979456
851766546825347076
851767718248361986
851781714028494849
851894518014238720
851997299454742528
852134796436398086
852138509355933697
852277347587952640
852318522139168769
852508752142114816
852510810287075329
852602568433950720
852985162870738944
853583417916755968
853584968047636480
853595628655587334
853597199619543041
853604334944354305
853771244579282944
853942936337350656
853944453538750464
853945633903923200
853964023846588420
854157191053553666
854268119774367745
854270321620287490
854283110191685634
854284952539725828
854433960566431746
854438452661809152
854547423464759296
854676780527079425
854749300114546688
854793411110588418
854870777287634944
855055509455593472
855142466034556928
855172998747348998
855368516920332289
855373184861962240
855406847200768000
855517053238870019
855582764418162690
855626715707650048
855814859069558784
855816071663812608
855817226078879748
855859245023211520
855901315305795584
856146924705120256
856147612952612864
856150719656755200
856171332521820165
856172056932700164
856233279841849344
856234989591121922
856481786938916865
856484873133060101
856508531087990785
856531163799859201
856556220911681539
856557986474491904
856606707463725057
856830933709750272
856847826663460865
856849388026687492
856928555179143168
857014413081137154
857177434210304001
857180178736459776
857182179469774848
857185261029126144
857246245672366081
857295731929034753
857335793261568000
857360510534209536
857552956836786177
857555256003227648
857557522584088576
857604709829529601
857604623531749376
857604537003200512
857604808676708353
857605104417026049
857605018266062848
857670562478518273
857711651952500737
857931397562085376
858148882756325379
858343980823703553
858375278686613504
858645405252374528
858653541094879232
858654431956672512
858659215451271168
858660413873025024
859127705366921216
859143061678501892
859209801175269376
859392449181093888
859393829505552385
859514893418082310
859601184285491201
859604996236742656
859874689442775045
860081707315232771
860083874893897728
860087334519414784
860088511202029569
860108914624532480
860153543151542272
860188065758838785
860191508619722752
860194183797243904
860326946147840001
860377543878348800
860477328882905089
860479885566980096
860573284462669824
860577873060651008
860580764944969728
860638890570416132
861177649179373569
861201362834665472
861300169438113793
861544307043467264
861550676505219073
861592420043157504
861637456281690113
861993986436866049
862059314277748736
862135824745467905
862263649821503489
862265729718128641
862267781336752128
862282202188566529
862283792559616000
862286091759611905
862290442129461249
862387734492663808
862460991451344896
862752672683839488
862753016193089536
862758098892619780
862767872879325185
862788002594127873
862998775731818496
862999243560288256
863000553265270786
863002719400976384
863007411132649473
863014620516233216
863020954427043840
863139099825364994
863140961114886144
863194069891031041
863452412459307009
863468271668002817
863774341921742848
864207293289771012
864296272844529664
864436162567471104
864438529472049152
864452996129853444
864511331029921792
864565791076872192
864942610191978496
865173176854204416
865207118785372160
865387523371143168
865573793531478017
865692565454106624
865865814099939328
865957909565366272
866334629036384256
866411249092902912
866749195297976320
866988278184116224
867043258932875264
867044286352809984
867047119974170625
867354520526872576
867473100434161664
867801005018230786
867834190078906370
868047480847568896
868047612301148160
868201805934678017
868205058743250944
868406076995235840
868407229380268033
868441116726710272
868501243823575040
868501423566315520
868502563347451904
868517059407335424
868799536420065281
868801710038372352
868807327130025984
868807754231820291
868810522942164993
868810404335673344
868840252227674113
868979531641741313
868981969664843777
868985285207629825
869164414662049793
869166145894535169
869170351049240576
869170615881793536
869503804307275776
869509894688387072
869553853750013953
869858333477523458
869865463584620544
869867413776601088
869874798087819264
869902591005741056
869903459511918592
870008165827575808
870035383458963456
870077441401905152
870083798981111808
870234811616677889
870355056327000065
870445001125355522
870709271477932032
871087981225926656
871325606901895168
871328428963901440
871331574649901056
871674214356484096
871675245043888128
871677472202477568
871679061847879682
871722020278587393
871725780535062528
871830255396192256
871840367070412800
871899511525961728
872043300949295104
872059997429022722
872062159789985792
872064426568036353
872084870620520448
872086906804240384
872147965451882496
872243414930264065
872253002266161153
872258719404482561
872419018799550464
872427222392504320
873120139222306817
873131235614347264
873183401620230144
873245481488535554
873250570508922880
873353586025132038
873643935993708544
873878061778907137
873878232264822784
873879934040780801
873884774041079808
874084433460154368
874087477807599616
874218586155479040
874309930232184833
874325287143604224
874373283919089664
874418514240688129
874576057579565056
874578159676665857
874608587473080320
874609480301936640
874619861019840512
874626492310978564
874728484475744257
874822136782880768
874971795362897921
874991696186142721
875166406417010688
875305788708974592
875321478849363968
875438639823675392
875441788110110727
875468769212149760
875500520840060928
875682853585129472
875690204564258816
875698062030778368
875701471999864833
875732813278048256
875840132238032897
875888258407858176
876079184417882116
876388733607694336
876390681056600066
876394578777174021
876558049565188096
876778344636928000
876896144944762880
876899250071904256
876899176562524160
876900944444837890
876901304207069185
876921011668738050
876948721468141573
876964061027684352
877101173412638720
877104262463008771
877204691851108353
877234140483121152
877341043171241984
877350761742688256
877353797760286720
877355739383287808
877363446530007040
877372660455546880
877474368661618688
877674738364989440
877846483021602816
877878375045447680
877879361130688512
877889199353077760
877891129194102785
877892883352702976
877932907137966080
877932956458795008
878006964072189952
878013639613186049
878019881353871360
878027873650475008
878078560715538432
878192867847675904
878200921980891136
878341007103987712
878365166538285057
878413313188802560
878596457741287424
878711517537083392
878715504063643648
878717095701336064
878725385235701761
878946025662296064
879315860178993152
879317636164841474
879320905608044544
879323238425395200
879324620159160322
879326984794517507
879405223399350272
879525817361068032
879527520957325314
879648931172556802
879678356450676736
879682547235651584
879827411008974852
879828637733793793
880015261004435456
880017678978736129
880049704620494848
880158771762286592
880170602690215936
880172859108331520
880175585418465284
880242238000955392
880402366373269504
880408582310776832
880410114456465411
880469342835666944
880489358431850496
880508977590697984
880534684479897600
880540637358981120
880553561008078848
880602793341591552
880737163247267840
880739852286918656
880771685460344832
880853246126022656
880892632142143490
881131368520056832
881135264441257984
881137079958241280
881138485905772549
881140479454310401
881256428626956288
881265792700035073
881271809433374721
881271748280365056
881273362454118400
881373634585079808
881503147168071680
881604490041995271
881662619282702338
881697281233354753
881830110114009089
881834692282109953
881839523126272000
881847676232503297
881875263700783104
881976958556549120
881979394373406720
881983493533822976
882061157900718081
882062572081512449
882186896285282304
882325456162361344
882327018070790144
882423634639425536
882552631905988609
882558219285131265
882560030884716544
882962893288882176
882993144194838528
883012994145280000
883064346519187456
883071945301868544
883218784663818241
883220875444715520
883229270943911936
883229754077392896
883230130885324802
883444736849305600
883469033059864578
883751888491098112
883752778379792386
883760134333378561
883761448064864257
883845492790235136
884008221970763776
884012097805406208
884013689736769536
884016887692234753
884018776391503872
884020939264073728
884027201804488704
884033889613828096
884141905436696576
884142582191849474
884211874518192128
884361623514656769
884363456849342464
884374529660903424
884378624660582405
884728971530829824
884740553040175104
884746435039768576
884750055776948225
884931352201756672
885081181980590084
885084555421634561
885092844511387654
885109663217352704
885128373441355777
885131482397908992
885232527656538113
885410010167226370
885481504780013568
885570979975639040
885579818875670528
885769944482414593
885770227514052608
885772254017187840
885772727315030020
885773130723205120
885817217455140864
885856351557210112
885858247277727746
885865609971605508
885988016912838656
886036222308757504
886058483392622592
886259363412926464
886261674029854721
886262474277888002
886283456644251652
886319322154586112
886321948275429381
886421324637380609
886534810575020032
886538703547621376
886541955311816705
886544734788997125
886588838902206464
886635676787232768
886691926233239556
886742955251335168
886743367815766021
886950594220568576
887134287350439936
887279050263285761
887280380423938048
887299895803203584
887302632687251456
887475373981696000
887477071160762369
887650824515661824
887654816507408384
887862941109940225
888088029428150272
888128621784838144
888240051599134721
888393378970439682
888420461075476480
888429879603191811
888478670502932480
888575966259314691
888708453560184832
888711488717934592
888713231065391104
888724194820857857
888726438265966592
888727293346156546
888730468732067841
888733031875346432
888734848550043648
888736256145985536
888771440014749697
888841724759597057
888924192573235201
889215815022727168
889217183930351621
889273320574783489
889274373689028609
889279880336166914
889435104841523201
889438168721874944
889467610332528641
889473486506385409
889474780356915206
889579795176181761
889599425458327552
889654862379589633
889672374458646528
889673743873843200
889675644396867584
889788202172780544
889790429398528000
889792764363276288
889794300913045508
889796918615920640
889798407228989441
889800510106107904
889821674987761664
889822411356602369
889824817473605632
889867842186649600
889871789198802944
889925142675062784
889929412539543552
889972487844491265
890060370861334529
890069204082151424
890162144884514820
890168183079960576
890193981585444864
890196164313833472
890197095151546369
890207082926022656
890208319566229504
890260758050856961
890314337696579584
890361489126805504
890524387773997056
890533442135502849
890566339462672385
890568797941362690
890642377131515904
890650237060120576
890687451156631555
890764622852173826
890820505330212864
890931465885798400
890935044474380288
890968428370153472
890971233159962624
891038014314598400
891039237319143424
891040645581873152
891087485111087104
891253798500487168
891257113565163520
891259245106278400
891260230876659713
891261878005092353
891263843908947969
891332290474848257
891334415347060736
891343645529567232
891397134662193152
891442016294494209
891623821702295552
891996053611917312
891998881009061888
892147656319004672
892366646542782464
892370324616089600
892383242535481344
892741272259133441
892749228291874816
892782712322437120
892814520942460928
892920397162848257
893081237082001409
893082107081244672
893083735633129472
893140445294940160
893170489820151808
893186623193718784
893325503020642305
893411790868160514
893416615504748544
893417795614121985
893420123641479168
893452922427715584
893498883090907137
893587008312016896
893864420539068417
893957896190533632
894185208924262401
894367017054208001
894368024765059073
894508048844279809
894512983384129536
894514535062790144
894515865802223616
894518002795900928
894521737534197762
894525428236464128
894526670836781056
894528885701971970
894620077634592769
894653195112378368
894659355324424192
894661651760377856
894878812063846400
894880193839497216
894981661926068228
894984126582972416
895091395379245056
895252459152711680
895254168570605568
895347654431035393
895398465290723329
895599179522650112
895686351529672704
895741164103639042
895794792747216896
895970429734711298
896076107094474752
896109655574708224
896124861571112960
896191069733265408
896420822780444672
896431205549318144
896452967741747200
896467135391596544
896481262776360960
896488914877165569
897041646659014657
897044700124909569
897048688639574016
897079051277537280
897218560937922564
897220584211439616
897221868784168960
897223558073602049
897293484884979712
897405235924275200
897411177583702016
897429670278385664
897478270442143744
897763049226084352
897764432369070080
897782776468000768
897784898865553409
897799882802704385
897833223501344769
897834894822342656
897869174323728385
897908198098706433
897934811909636096
897974118959783937
898015350914138112
898127175525728256
898128290698989568
898130328916824064
898136462385979392
898167282727366656
898169407213645824
898171544236687361
898172999945392131
898243270169563136
898254409511129088
898522732672933890
898528795308642304
898531481185689600
898547379451740160
898567378988015616
898718902200418306
898771262453026816
898870621584596993
898874064722427904
898964640817983488
898988632551370753
898990321387925504
899008521726861312
899008381226299392
899466340238491648
899623926082535425
899625157421039616
899798313997926401
899833714363949056
899841094761848832
899945866991206400
900074005205528578
900086092107571200
900150814081036288
900225712522657792
900229323801735168
900236323893673984
900251514324647936
900346953120141312
900352052068401154
900354657133801474
900435023517499392
900521251768213505
900694112940290049
900695448465399809
900706146943717377
900708110330978304
900708017909506048
900714982823821313
900768072503623680
900802642779267077
900875799292776448
901029770401546243
901031532164468736
901032475111116800
901044579750825985
901057864516734978
901108572041433089
901112569322237952
905958330815926276
966711641378381826
938440878577856512
929320777668628480
901531320052051971
915745470689005573
906134333467045888
903348312421670912
906634384702291968
1016663151935291393
908768057140629506
928969836897583104
994517833357946882
908796281002307584
999435250571726848
925833462426292226
907311779331690496
906669500984041472
908841360131743744
986430103075868672
934507210385829888
901161964994539520
1014702302408642562
903059975437733888
901305065885114368
962435602296786944
960195808141414400
907303264458362880
924397489037430784
1015947163292008451
980989085631225857
938873956345499654
1002666307043647489
908494344008749056
999761589476655105
906543198599876608
977894983083708416
981544432762802176
963878055969198080
1005304018741035008
910328626075389952
987718953886679047
938861758038577152
950866561153331202
901259509632573440
1032709326643843072
974656757187440640
997899870903169024
909767654432526336
905512462971232257
960869939694505984
927844454957850625
929326786709807105
927802776737984513
906133573400481792
914810093874671617
1020285014616002560
1007300111481888768
927397233741492225
1025763007840886790
906712991940399104
904160894661296130
915179824012042241
911287725847908352
1026897064066777099
920695565578592256
939564681743814661
925806343855984647
907930425657626624
967168890232082433
908734537311678464
991776286489169920
904211620896886785
960361010904338432
910233418474098688
994586105822564353
905488897186172928
991402619552845825
983698762760704000
902978901223366656
1030116078125568006
918876603148652544
904025340049285121
982673223719489536
938804374079459329
915326171063242752
957334999522533376
925716689064427520
996366330436648960
947536951464333318
941789515248750592
942829676699021312
1018113905716027393
901411986302488576
946156544927977477
901205593054162945
933831194558582784
928016742575738882
901404330024218624
905770927526432768
905967331662319617
973716838889660416
912792478096302080
1001149367271686145
908438028980490240
1014295759393644545
1014295751814533120
997909163379449857
927265906086031363
956657520562573312
942840800853024770
950777029816963072
988839027209097217
980421275326865409
1000387893427351553
927075137131896832
980846943130746881
1001151001699803138
927906208203276288
966377081469882368
933319309551685633
918275261011038210
981287536520847360
997239623268085761
914217658517737472
950823813868122112
907675638055743489
926707692395102219
909823695299981313
910703407555600386
972466816114032640
956261892640604161
1014306963243532296
1016447571563249666
964724390637244417
938878398608433152
1000366478846300165
941756992070307845
973719038982479872
981548354088898560
994587349718847489
961073467784421382
1032282621290704897
996135379802755072
928622838487007260
940706127309926400
974141083054690304
966766375292358659
926139726129704960
922603042796654592
945140007572004870
901188228174184448
977585879651966980
926973117708296192
991380274452803586
1011703668721246209
902881712010653697
988148545545895937
927007332743172098
905603224379559936
1007315424546091008
951596346011680768
915890389269254145
909768037787717633
901407059547226112
941723524921724928
996460197005717504
913488283321159680
981248899166932994
1010536329766006784
908285679335034880
915604746936967168
1001149793496977408
989827358961086465
966487844662456320
963879275324760070
918257107182473216
933448074348900354
957387711693905925
903705867891204096
962787355932360706
928519663780208640
963853233000275969
1013902140409040897
909393531143380992
926647019455766528
933105158275325952
951204878562549767
901791391130554370
910263274918367236
1024860399458508800
969660692419657728
945287222210781184
903980484966752257
975024181061541888
974341417509249024
941667918214987776
925818338172915712
925818295462322184
907698529606541312
951647402599026689
961038807658352640
901816453736919040
907592460070768641
918201878479073280
937136868608626689
989948140814991360
925394079982280704
986430856750395392
908406085308096512
995044981768425477
915335645719121920
953768657221451776
901777333513854976
913757869627133953
1014287566386888709
933692459351265280
969939200933056512
1000064605903876096
918541193037967361
991360908868931585
1001055932376387584
1028271447632957441
928286153672970240
930362633852735488
901190479798312961
903603043714957312
973305935685963776
964938678362628096
1021886118315393024
909922763774861314
988859727219187713
909975689838731264
928105793366392832
1021137490252640258
995023303906652160
942551516564639744
991337381654654976
996464466702274561
963839056533626880
1000114139136606209
998992271629570048
986719240240746497
995642096676671495
922428118685581313
951309956720087041
983824424532144128
997515759281680385
966420452070559749
994194233111273472
903778130850131970
934080974773776384
929670192434745344
936393574433939456
1022908672756801536
953771038114045954
1021836311307661312
910898047931912192
928926863375794176
971915531346436096
941404173433794561
984471933050937344
1012437964373123072
956849981528379392
1010571197271011328
953772162665590787
928931835664465921
964232645495459840
910219338044657664
994192995737096192
967146956094083073
923976737788227584
916665576940097536
918571860308254720
1022877332858650624
901782823522185218
948722170531893248
1013618640061595648
930657178544984066
902503724274331653
1004447235046862850
912825663694016522
914661855947366406
1001873868498325504
933038654171344896
904174851627286530
964190995687591936
999442055670607872
905775458557538304
930490487903084544
1004455146867306496
952166927476183040
938786402992578560
1001875884142362625
923662988833427458
1022690767305928704
1012757431124930562
992350362450518016
904745562771259392
915722355757985792
904176553621307396
905880546185814016
954681839419101185
1023982166781448193
923312613584289792
1015025320657743872
988850347031584768
905571513398693888
910632095088889857
922833943749103621
956840839627595776
986979039670931458
967084806726127616
917114761057357824
914252271982178306
923720632122200064
920069869365878785
905383039517282304
917024076165734401
920363714062274560
980832496005844993
939005659982348291
920322631412473856
951875499537641472
920716270395371521
913888647631577088
966119932793585664
929717762422988801
903766326631698432
929492038231429120
1011805006390071304
904375314830249984
971812821955735552
1012840647743737857
1004775164834349061
914214237584674816
909818335130525697
913821956625059840
952166643202916352
956578887160532992
912711807709667331
993541175511527425
948255367393349634
1009258943175168002
988874883990999040
936395008139198464
909995135009804288
923272793457913857
956298399946563585
987463564305797126
928936220360503296
938422792080457731
935636972252618753
1004815794365255680
931661592135168000
910885755320459264
1000554657859670016
903770196388831233
987532088302886913
912779672257261569
988820755164139521
1012409641911930881
1019890400029499393
910926223684931585
989144622684409856
942921051721338880
972500344197566465
1000061992042975232
969277822920470530
918647067224035334
925907651350941696
1016368503723577344
958520216429957121
944308373373308929
905888075749974016
914210813237489666
966662241977360384
927523335956848640
951236634095308800
976120272435793920
910885156373721092
924284026394959872
986301228337508354
928770248370728960
1024042102886465536
956588348864454656
1021577620796964870
986344953134673922
929492850101940225
928267692645036032
966317112565420033
912836917296877569
926185468911382529
976405122757558272
928124338343202816
984499517805486082
904177758489776129
956937916374138880
969324283036971009
950946293077209088
1024730466530865152
968924154031497226
967083810981597185
939560154269405184
1012082654370336768
905582435538219011
999010902472122368
1022672169019613186
961362249880252416
969374909209239552
974033924493111296
953360619834691585
928918183104225280
914208123564494850
926789876556500992
956873004776116225
935640578007687168
941820213518938112
992083738531192833
929655283181391874
933720598383026176
996810253126787073
912101775221706752
953773110553186312
983143317889323008
961298788219420672
989134248010502146
989858791687671808
962326008127946752
928922787938385920
913220484640182272
969311530733981698
995410516129538048
925910265060831232
1005554692133249026
1005554687678922752
1014519862482407424
950862709599465472
928793643367960576
1005550889422110721
944192071535153152
1004814196247318528
1015267193720852488
990225456233316354
931223807037263873
917894963832246272
1000385794115325952
1006081372912484353
1022224319336726528
915371086249971712
912651215997202432
911700914997792769
966687491616059392
972151933782974464
969272683061022721
977850135697911808
939642796289470464
1002176736761655298
905586115440242689
1005045008746057728
1009780708381024258
1029089559710236672
1024765763775815695
1018541464416997376
949495534003412992
948738634722742273
1014520426842738689
1000726832843501570
986555533535731712
948737652119031808
918885859230875649
979449770640015361
1006866089110892545
992503576852393985
942851788461563906
986801143014621185
918894502185787392
921113816053755904
1004813164066766848
963033580107653120
987719560282476546
979028987858112512
905383515302264832
927059219370643456
951648197440569344
1016056693791346688
1022925366669856769
1025901304047198209
974702363763232768
1005989290520739845
927648870796070912
1004478326336040960
998525737593376768
977904367524372481
983774270886236161
910580644597649409
993476979893723137
1029069948214288384
904377075049656322
972506194978983937
989816772713906177
989820401596366849
987036458648199168
901797906046439426
918523263554412544
1011792563425116161
1009644987544408064
926176823117074433
915379231454003200
997573139663028224
1006690543403855872
931538234169069568
918224393062551552
930049882949345281
1003963157734453249
910331061409902592
933662564587855877
1025177042470535168
950507353094356993
928861178113040385
992106689330663424
1009900306694656002
993813485745295360
961649129834283008
984507430909308929
920776302231244800
1016071245568380934
915890821228048385
1016515895735267328
941094961482780672
968962582374621185
961693860916289536
923392161634275328
969374597127778304
1010645413576126464
1019757603570806785
968917941671612416
1025586524782559232
1029329583672307712
923149037523566592
933282274937733126
933280234220134401
949498795074736129
911789314169823232
932388590344196096
917030148867682304
917029060471152640
917026789188399105
1029010124881453056
923866515358789633
917734186848579584
965442990134251520
935147410472480769
931877599034388480
917172144710103040
917701841466593280
968856971075051521
984877999718895616
1004722061808427008
940223974985871360
1029002242932834310
1028996374174593025
940567812053053441
922830229525225477
922828476872318976
965943827931549696
1030254224330969090
914269704440737792
931357870024687616
935150368207654912
1031857204767453184
977875057572745216
977872899792089088
976765417908776963
975346628113596417
923165619868131329
949619270631256064
949618475877765120
949616329463615489
965971586913374208
965968309358333952
1004160401658073090
1032247043992023040
948355557022420992
1008510118395293699
999282325316866048
948359545767841792
985504808646971392
930748627642998784
924400308834455552
929511061954297857
902885560552960000
951416674808467461
1018738368753078273
1032259660378779648
940584383605563392
913034591879024640
935874566701842434
987679852345135105
987679850545778689
987679848284999680
919914000959397888
975163071361683456
920981920787386368
984767560494313472
984763579210633216
1029022897787084800
1008515606751084544
914089888596754434
914089003745468417
914087234869047296
1004174436759691266
1004172786359848960
1004171953404628998
1010699954157830144
922817539251556353
1006833568641777664
1006833565022031873
1026474458326986752
1026471244949061632
1031724100719403009
965930611272712192
965928352614965248
921207772233990144
1029038164248338432
917724872905777155
954390114968498176
1011036519812030467
1030632303507243008
1030631977135812610
1003616210922147841
1024263146008207361
998194013193822208
922799981874089985
922798321739161600
1030804685136035841
977159683151712258
930840960346611712
912631781098221568
944703626454487042
949303089416294401
969529668234829825
1030091812495654912
921709468055896064
1027585937163931648
1004742470700322816
965205208191168512
965935035328155649
919901190376259586
929509950811881472
965925223949357056
1032495180530835456
1008732992481710081
957465263129219073
997095653875617792
925335577217683456
925333956110757888
975350027169206273
985856662866202624
955764970590961665
951431836030459905
950103659337134080
1029036065158557701
926417546038923264
1015586529484443648
983662868540346371
983662953894436864
918432809282342912
918430769776914432
918428456869916672
1017164990099415041
935844881825763328
1007278825661784064
1007278788009480192
967563946063523840
1019376680572456960
975341676297445377
1003637916919320577
971013841395027968
946401576381505536
1024680095343108097
997076300476055552
965780052167286784
1015723140364865536
960492998734868480
1019894101116948480
911572182060453893
940930017365778432
998537117180588033
998534123399663616
998532136578748425
984053549742067712
947458942719979520
944665687292817415
986576502358671361
1007278701996802048
985483513704124416
998191501451628544
998189366844559360
998187672979038208
989813047773614080
1011795883925663744
968468176639004672
949126530839572481
990213619190202369
918112884630093825
961270833569202176
931360196554821632
1011389124475961345
937641904338063361
1009534957440516096
999984503123857408
913004378486984704
988106076028653568
987278269765517312
1007679422865006593
997112687799697408
934792302341521408
965937068907073536
955428815777533952
934563828834164739
999984492197613568
1007681553676283904
920847844759699456
1019899507910283264
914497947517227008
914497877543735296
1002892787803676673
1002884227753480193
911189860769255424
1004693718945984512
1011295779422695424
932303108146892801
925364408364171265
925363340553211909
943824695144697857
987173366401585155
985496023555608576
1028269328246947840
1028269087133257728
1028618150944944129
976770619424563200
986303188587425794
910476107287269376
920406959320371200
1015697664514674689
946531657229701120
1000465814192099330
957603800579297280
1004363400674234368
911911385176723457
911904261553950720
1031505811074412544
975720503997620224
956012274942128128
965221024496279552
945646491955290113
1030241273784020993
974859881827258369
1008506045373845504
1022812910702215169
1022808452677160960
1022805381440069632
1031154974942810114
977166887493799936
1020008975922810883
988146462625181696
984015782521835521
1031503298967363586
915589297096536065
951679619341737986
1020984152357777408
926259330474704900
1029037282676957185
1004166633349361664
1029354577559281665
920988223362469891
1004711557291560960
1029185314752000007
1029183344397955074
1009527495043923968
922070659093671936
984020136255541248
984017894240604161
1009536237881847808
924649059520073730
1003328970069331968
939149296389251072
940904649728708609
1032260490439864320
986547093610299392
937661677700550656
999984507574018049
1014117468858650624
966117265426001920
934551607596986368
1021016070134648833
910332992756834304
982950739441004544
948211438472089600
926415703476928512
911179462745710593
944666448185692166
1002027245131661312
965932714141650946
1024656465158721536
1021351630648815616
1021349516878974977
1021347230022807552
950023175907266560
1029731513573822464
998202784683053056
1029325115547369472
1029323499226243072
1029321624603054080
1029335579845115904
1021341698734030848
908160218995068928
932392209445457920
952301373479104512
917695847063805952
1025584134322892800
1004750401709715457
996391840860471296
998250447394820096
1032256443985084417
1029338578239795200
999984495179726848
1030270284245467136
1024646945640525826
1024644767924334593
1024641683600879616
991267863674675200
942717030091943936
926456409260285952
1003268646070874113
951106475254059008
999246677549768704
944906847970119680
935838073618870272
1001420270094168064
927851452185407490
927851387857367040
955771016319590400
1029352395464224769
967538684789739520
1014090584963866624
1023653191974625280
1031907600219209728
1008340100877570048
949287555660500992
997422764909912065
939477807813595136
985487209510948864
920972261032648705
1031550517552603138
919012714827145216
1019903123312308224
1026069857589227520
1031544711717302272
951793123985973248
922072236592435200
948174033882927104
910665452048838661
1012290012279435265
1003962584352030720
920408108194783232
999096013674680321
999096011174924289
946728546633953285
940554567414091776
919560102725738498
919554724512387072
998196033153839104
1002506360351846400
975062797162811394
984022625440747520
956938973326098432
1003738642903420928
1019225830298456066
921848853090983938
928074747316928513
921724821939130369
1029899109749202944
1019434161889796097
903587428488839170
1031137499995930624
1031134125602820096
934781939088629761
1000462031500099584
1001807216297627648
1001807204519997442
1001807174249713664
951645893513613312
1010116816998490113
1001848460881035265
949610896241946626
1002159087830827008
1031553002371522561
1021007656511852544
991995845120753664
991994433750142976
991992302267785216
1025577505615503360
939485131693322240
1021388295618682881
1021384752136409088
918457595618365441
1001834394359877633
944667102312566784
1003266374473519105
911545480651378689
918267396493922304
980443810529533952
925005659569041409
923149793974775810
923147501418446849
967526110249537542
955458357200130049
993483042177118208
937652739001212928
1030237078586617856
1021924262045802496
1028354010129027077
1028347518822825984
1030239036093411328
912443217227976704
936206961728786432
1012318771250384896
1012315534220808192
1004211778837012481
1021020863733420032
964512164865363968
990926480329859073
933285973277868032
934896989539586054
1006640694264397824
1006640689843560448
1018731223890481153
918630610167529472
920611770775064576
984371491277099010
944927689638662145
990782291667488768
919908143475412993
913035855509491712
980800783313702918
967508938425069568
912624892239077376
985489930343321600
924641278947622913
924639422066384896
924637600094326784
924635359480303616
1029911186949767168
908161523180285953
967493467046899712
939480342779580416
1010110544605581312
1030582354308411392
1031861173149413376
1024649463435067398
1019520574371123200
978249938743234560
1011360410648416258
965079126829871104
1016693575344504832
1027545694201159680
986218870506754048
911173124976193536
1020642287725043712
1029895689868853248
1024287257975566338
1021917767467982854
967539664692350977
1002508937445478402
980451798606602241
1014151457954811904
951813216291708928
1027214330503352320
988030312088260608
998256454590193665
1004360833407815680
1029355952414371841
919900022409449474
994179864436596736
993815373190492160
912079629648883712
981521901079146499
977124622285066240
918796079243677696
951109942685126656
913003340451188737
1004351340041199616
1023664624259014656
1023662510371741696
1002968869043097600
914565910798782465
1000458567147839488
907588803161939968
970650759091163137
920604520572424193
925006418989715456
1002023477531070464
1027211440225243137
1026084333315153924
912626731357540353
901802524981817344
1006837459794251776
1000718611688943616
923905540291522560
1031547390644420613
1007278671097417729
992354530510721025
967545724362739712
1029920861128720385
909384837018112000
911541328013676544
946724075157651457
1012295859072126977
1026587142989008897
1030257073047658501
916120435762266114
993484478633922560
1010115331380203520
1006992524366503941
1008326335083761664
1028633682918166528
1026087766071947265
914094625488502784
1023534604148518912
1014261296240488450
901804388649500672
948202173049049088
924096747122634752
937279001684598784
964956781670694912
1032845356801974272
1009431025817092097
1024685313778741250
943489378462130176
916634286811435008
1031508193107763200
991672075491438594
1024264286418489345
948205689683562496
1009435777992884227
1003259934417580033
1023007120130760704
910453612630900736
1024245909239021568
961802557646569475
959488369293254658
919313707355787264
1000396430371106817
1023546197129224192
1008362351807037441
1026086905539174400
993443781281271808
1003949263481696256
965202556204003328
952528011869478912
1027586174448218113
974276383051583488
972853747750711296
1007577375905861637
1027899286586109955
995088584221839360
952166857670320128
966846679784837120
914099295963553792
911543222731706368
1012312287280074754
1030074380397752320
1007986538985197568
915894251967385600
1005979207544000512
1000741764565753856
1008709364939677697
951650274032209920
947461470924820480
937305615218696193
987786331995672576
1028030912095838208
1021158915206152193
924011278804357120
987426984195174405
967023714268319744
1007972046666690561
976654851684945920
957462746060206080
937007006526959618
902875515534626817
982770847046922240
1000391997969092608
1004743621587894272
918772522983874561
1011212766487728133
1031150465759633408
977858212635594752
947235015343202304
971006379375972354
987529636656697345
1029918661165936641
980799183425802240
937301085156503552
1032431371728445441
901795255086968833
985502053345751040
936052257392676864
965199840471810049
1007671131841671169
959389424806191104
1002156016060989445
1025728712560594946
1014257237945176071
936203511037136897
996129630913482755
930815626460921856
1017286281867481089
928064591665467393
906320446882271232
921448521617821701
924056425298571265
910101538336583680
910002272825831425
922903426434064384
925916863401480192
910551350408241152
919003314674634752
920340060947574786
1004696266297827328
946949708915924994
905856569329504256
921524504836395008
908278070611779585
908276308265795585
1004724915562598400
923277142271684609
924064610038272000
1025840837358432256
942503059103604736
926484660946862085
908409572943126528
933446283632824321
921189980843663360
1030163121678245889
1011806195462688768
931685146415255552
947181212468203520
1006334219759575040
971335759679709185
910524897515905025
972542173030879233
972271520847466498
986218867780448261
978701966456082433
924382919845666816
924382752941756421
924382514613030912
954136290768846850
913856413541138432
901814456505831424
1011789419521675264
928083235040579584
965582280772276224
987003860882526208
910993665568526337
986711015630036992
1025435905736228864
913554705816711168
989834048796266498
971409845453762560
923268967728386049
906170854362447875
958070403901124609
920268091329859585
913892019847778305
1029743849160232960
954478044487520257
1011819474574561283
1024014645940633601
992357529362583552
979816766904954880
986432143189512192
1013391783533989888
1003969399148118016
1009071403918864385
980766121983987712
1031141396776984576
1015033658548207616
956015565776277510
1000375761604370434
980806557846863872
936039501474025473
1031152483949838336
999242039723163648
1015278594795417600
953270558573154305
1015037322226642944
1024974107337781248
908646582807089152
1002160516733853696
936058006659321858
924625061100867584
1004092260475162624
1014100908127543296
936037588372283392
1018096402520518656
1018093807060045824
973907142649397251
971019306388611073
975057131136274432
980794173279342592
1018072081676865536
987774054651301888
981117684489379840
1003832766511894528
1011602664143106048
976655903729610752
1009916650622251009
994585463380987904
993455375755173892
997474432443707393
908651641943003136
972832210222043137
972829763067883523
919009334016856065
1009785143635206149
965212168449941505
1010505990259855361
968455547094753281
968462966864609280
1017086416176730112
1002141448232493056
964949269374529538
981881669593559040
1011038477889175553
936209447747190784
999629710370983937
1009844059211366401
1021370601863294977
951790999784783872
951788342647107584
951785587765280768
968467243192537088
1010873383087636480
1011226622324887556
959393270144086016
985529299905187840
1001455721588969472
1009775416456941568
939967625362276354
1024877011775500290
955426609326100480
980764358530789380
980762392303980544
1029733227404189697
943819430735372289
991279620044591105
965223354633457665
1030781399920455681
1030779412973846529
1030777074959757313
936260193536573440
1002954515941941249
959268334935203840
983423715332558848
951675713089888256
1020425741664751616
1008725438972211200
999243732506562560
1026781688167366656
1018197842559725569
915539424406114304
935701139198181376
1030094399362007040
950206523690639360
950206338411499520
997471413266247681
1031852996567748613
952183458922672130
1024347409483292672
1024347406887014404
999252093998370817
937141061343956992
981126375716409344
980451155548491777
962753552824365056
1001108964216537089
945030174290186241
1027266105797238791
964594780088033282
1025725493373558784
1013394559429169152
1011588967442022406
1011231137233080321
1011228265003077632
1009411866475532288
982943088330108928
915596990674849792
990049088375836672
917345200414035969
1003987298072002565
966321700588711936
1001417880116891650
953794085751574534
1030536210194882561
1030536206415802369
965676314576543744
1026196465696350208
980961086546632705
1011218033216512005
970760324126212096
965194903142719489
955056249925750784
1009807715798044672
980964100502118400
984374422587965440
1020432499082702849
1009071330661142533
972846978823610369
926157911151214592
1004100003185426432
1003967400130285569
946210723528572930
961957671246159875
1014611307427966976
961743032952459264
913589799411490817
942827072824672262
914310901855129601
953352036309000194
914090947180470272
913403237033742336
948739073237311488
948944124132167680
913760243770896389
1001873279597064194
956134228726558720
998704493335334912
1021755459416543238
905381817695526912
1004752258955988992
931140567089721344
925931294705545216
950012437788585985
946201376652169220
941417725833998340
913550237377138688
913549374227181568
1024394107404279808
960907362109452288
979444104923840513
939680422493073408
1004092104488947719
1006637378088284160
1006637373629722624
921716470140325889
943074475209355264
921780758372642816
920425695507042305
905170032229056512
936014271858831361
978936058795757568
912037003923005440
1030433779112923136
1000174070061813761
965303158229622785
957032249509097472
1004356576671666179
981992052786425856
969183644756660224
913187235452690432
941406242785955841
969994273121820672
973920392543793154
926155393490878464
948874586006925313
908154067658174469
961008057756127232
950105312782114817
968550893015707649
1021569559537610752
1008696508697513985
927852358209622016
1013141673776500736
976535330835836929
976532956557737984
990557728752926725
930346433177378817
1008692333771132929
973207890084401152
926401530013642765
1011952266268545024
1026546879289425920
976420417090015232
976415945714556928
936688444046266368
990559834020962304
954901073587834882
1026585401874677760
991669454823141376
978110975428657153
1011209592670425088
922430688703451136
935152378747195392
966118856874971138
1011931656230526976
989650212380692480
989870523042680832
1013139532290625538
936555753946705920
1026524292396273664
959798743842349056
993926510003277825
934189999045693441
975891861863829504
1001099771602456576
991690248399794176
921209530628956161
944700332881440769
968818810005450752
999258232110579714
1001103028626345984
910992971620864004
1011256862975676416
948404303072460800
949129410208202757
1008511869970255872
1018530179549822977
1018530173006692352
1018530167902228480
994185337504137216
981491439233355776
977286489410240514
921891186352287744
921889525881819136
921888248707846144
915523382686478337
1004871827406061573
910477734635286528
1010522945402224642
1010522933498806278
1021234525626609666
1008328413210398720
1011803149911384064
1009490487051513861
981168344924536832
1005028243760611328
972563247160274947
997951982467014656
1008708576628625408
1020978929736265729
1030456820417081344
1019218575691837443
968702480753315840
969525362580484098
1014105549624037377
926481563214376961
1008317842264088576
953987636057821184
912080538755846144
980966813843509249
985492862958698497
992395376039727104
939006911629869056
959952974826098688
959949725028974592
916751271960436737
916750042014404608
920425069964349445
1006630395067039744
1013136536576188416
964955496137535488
934961858380955648
984231791103012864
981123772169191424
934542257222451206
988405962624118785
927644826006425601
1004726490058182656
947213895286054914
1001212077699149825
999626347361206274
1023023685681250304
917177470532636672
1003618276293988352
967472757025001472
992352585863651329
980958298445885446
925440868575797252
980065419632566272
988509958089166848
920751863426842625
1012297599431401474
1005554263601250304
1007592042124513283
995085901079433219
979030033149972480
935712632409030656
910458657179086848
1016294574417956869
999986971660423170
1007002252467458048
986357228306354178
980065427375128576
946151080546750465
1003960114989207552
923866849451888640
1012299239207198721
1014956568129892352
931355543096233985
937297341266190336
1006706273746735105
937309279257792512
942130137734242305
911546774267006976
971007733313961984
917568245854605313
944187730564714497
946460939578167296
912281550712135680
930301344342265857
1010900865602019329
1018528420093878272
982722926305832960
953984671674662912
914217477495717889
930087113764327424
918797009133465600
1019695583853010944
935833914761007114
936553863255031809
917923131003719681
1009263794361692160
923365521847934976
908676979561570304
1007750530976927744
1012026033418076160
918060313748164608
941353395121741825
926460439000698880
949070800417640454
1006648161538961408
906135414498631680
942721681130483712
925739132579729420
916747884716011521
995680316458262533
937142713211813889
939208571253862400
947588263103139841
1003017786355015680
939375570919612416
1009900449456115719
914466534365569025
938184577255919623
983284198046826496
954423170299199488
1006293144911085568
1018781525309943808
943079382163353600
947810806430826496
935340092583006208
1016616792926703616
925913030159937537
829684271812067328
998526637657546753
1014873774003556354
972835128056664066
914216744385904640
990202926114189312
912636538156146688
990200773232529413
1011571026034089984
916638685914951680
925686558304464897
1003985427970314246
911175246853664768
921317883321430016
1005030839019802625
999278498182258688
923237600009342978
1015039273987264517
920733077349064707
979082457340407808
923557515828310020
1014258987422928896
830405706255912960
917694644481413120
1017772506470649857
927077305876434945
1019932691339399168
837491607171629057
999454450854039552
1011579076493144065
942854056162332677
912994446219898880
953951365532876800
912276850793213952
905228667336499200
969991653393039361
933659179348299776
935841679977910272
1018074723140427776
973685997312491521
930305984077156352
917458408927842305
921705862992887808
952888691944550401
953000902331453442
924963492645437441
972585290857672704
928098389966942208
942881716913438720
908643633901039617
1003997350791188482
921726400922619904
996119678551552000
1009134789838843905
987766033862873091
1006446738016755712
981121409807155200
940955920967880704
1011422555947712513
931123400810037248
953271789790138368
925388990177562625
967388904952344577
1009777520659652609
1014956573095915520
932420488642617344
942044657613230080
961959738853548033
995746011321597953
1006856219200548864
936315571708289026
939120304542101505
911338971250216960
1006993862152392704
1004359335399641089
1018955906690584576
996442654568341505
972647673944780802
936037938898636800
916620603741868032
992348740529815552
984479558765350912
956831942351183873
936864840240398337
950501926227136512
974462702264479744
927673257230327808
918058910673760258
1016638035281219584
954092417250222082
984379918682394624
987066289855303681
916622087606980609
988040227167064064
966650397002813440
954722155463430145
1017426065029910529
837489578193846278
1016754517415624704
939299624875118592
948195478428102657
995424104286179328
926406490763784194
930744931609694208
945624910898122752
1016289620596789248
1011577303023980544
1005047468705439744
1002298565299965953
984066131303583746
942883507868782592
906139352580972544
918062778522505216
920450535005851648
927847349648609280
943534069287194626
998528928259170305
1009602111133442048
987682105269391360
1002539852171304960
990227703575056384
939616077356642304
935493619204620288
953267506004754432
1008696952559734787
1003611857272360960
923212567232774145
972523294233710593
991743358312861696
940795587733151744
948318907848413184
954386490842378241
972242845636669440
918417002733154305
926238774773862400
974683485322596352
926403023861141504
926793510723796993
1016079192604139520
932433668068528131
931469365538672640
928097817037627393
997220260259487744
1017832276615417858
930981685658902528
987063604691259393
965075589274177536
959946200488271872
1013019990340046849
1011994162076573697
924414387343028224
998553122179084290
947328044821336070
982966315467116544
846536212362018816
917341511754436609
1002946237652504576
1003956743133650944
1012169482272460800
829689436279603206
973568677189595136
1019524328927453184
978368319542702080
991271009570484224
919909494200528897
939851058788134913
947824196909961216
951229113897013248
1009075083112050690
917698839846576130
1008333717545410560
1017362207426908160
987820963038449664
1019909066456489986
1018900904735531014
962389786328797184
1011391230188457984
927672843504177152
1002951786301415424
945780569388015616
934131805409697792
1010126805850902528
982967389028569088
973199981292216320
1003024268756733952
920599916371693568
974241711315709954
966653833047887874
1021380986452545537
949066181381632001
993475610377932801
959488037766955009
912863676792786946
930747213659197441
935513049729028096
947592785519173637
1018956970143858688
912478274508423168
989854486310113282
946416486054285314
935883355547160577
947802588174577664
907928888587808768
919160558712172544
917091286607433728
962345433170415616
1009770941604298753
926260114146889728
1014098721460686849
973540316656623616
997227223638790144
935489831005810688
1017190186269184001
996739372723638272
948322496591384576
973536164044034048
911718138747727872
952540700683497472
918960024256434176
999695988813189120
984472778035417088
848219027659010051
930259298407419904
1005554429087514624
938102355878440960
1019937445356474368
1019936133147516929
920794597265088512
1016956445307400193
987282387196436480
935713791765110785
1005982266496094209
989110172495810560
996802784090640385
962469767109009408
999371735928582144
932397369655808001
984155907251687424
937145025359761408
1007572229935202304
1019938748413435910
1005033088202756097
990928644100034561
1017153813625626624
918901399080935424
939849867438034944
912487929783754755
1010166772912320513
953948941674078208
929503641014112256
908272007011282944
910312303635116033
920595564064100352
926053970535243777
989629633376194561
918806396875010048
1006832813499269120
912997506900021248
971008891751485440
916763438805848066
950014185299210240
1018068353305411584
1009796154220072960
903597166249246720
950502279785959425
939634404267380736
921828280998744066
984372760230154241
1009071326219395073
942857031693799425
997597940444221440
990764965282893827
998546786628395009
920667567030710272
939274666404909056
908413019050463232
1011568906992017408
832198588201594880
961671974153080834
945437479863291904
930837616714571776
969989251537481730
987470932989050881
1007239837529800705
1018727890345693184
921242760685998080
1010486772541816834
943213901625294849
905788459301908480
949608746497576960
1012412743520047111
982353975595929600
940588025964265472
1010163024173457409
936941673124425728
996046634864791557
973187513731944448
1004909785547001856
944188445748015105
943856675294982145
1010481479279923201
944329684032081921
935686205429157888
979108653377703936
975707627182219266
1008708634396721153
928769154345324544
911654184918880260
904305644651634688
1004752551034654720
948322497602220032
930304414564352000
976948306927607810
930320191699017730
954678287820902401
1010129956222001153
1003612459855466497
981987882712883200
928097146993369088
931122234437046272
949242950659313669
954323750949982208
911549099752804357
942904686125965312
912280282224525312
910480918816739328
997493407097524224
925474979914887168
1010485876806348800
943135588496093190
986988633822412800
982680387116781568
926421589159182339
981259962717388801
919005534883328000
904309527381716992
948194400114487296
943521141062238208
986357230219022342
938756989542457344
913371663789625344
1008316495733186560
946731576687235072
999087688983764992
1013976609290964997
952525384242876416
999687630060118016
943908041803657216
947453152806297600
944210183089254400
999323841351618561
995980604016611329
951798415301718017
919910256624447493
1013146187510243328
1003998873004773376
947614110082043904
911717004222091264
934539256940417024
986544648477868032
920966294035451904
920645935981613057
946415026402988033
962394439846191105
944222157218942978
908642277987356673
987718832096768001
925684982307348480
918263984029085697
1010113882344558592
1006891643985854464
925533433597775873
951184020150382592
847573358912974849
995758467645353985
951441504203104256
997238932311068674
918061437750267904
918110279367643137
1006681862301933568
1010257002478620673
994182263960162304
986436520444866560
1009241032100335616
974069957905428481
918065431939829760
1007580091692568576
986218871991492608
1006286790536323074
1003617811254710273
1010569562138406912
908640949605163010
964509154357411840
995428472674758656
986994992177561600
994401394441453569
953979393180950528
1019538038651871233
988056354567917568
923150966551171073
974032596563832832
1021337592904732672
848204870876356608
968896168230051850
914096428879933440
984967457315139586
923876612013248512
910454516557983744
1006837823469735936
1010567610352611328
968825596133478400
983427438691708929
939189419386470401
1006326057375584261
988126197619068928
999257533327073281
980063581592047617
979030109104562176
944276471614509057
996487798759854082
925845735089889280
950937350003183618
926456069047582721
1020811550771294211
1001415199516254208
1012051330591023107
984095671262367744
923920535607828481
922440008971292672
904899243906879488
947544600918372353
1004710919853760512
1011584315040419840
911711539815702529
945126026824298497
909385782275788800
917921548677328896
992556495182155776
1003995933540044800
993492804985872385
932578255810498560
972538115901607937
909381488445190145
1007589800667435011
1016291887957848066
929503025512693760
911265133279809536
905038986883850240
925740081805217792
993976643898281984
925447637708496897
973360355790479361
950884128379035650
915907150333009920
1011620271327989760
952538350333939713
973581274215473153
990551654952067073
943362605258813441
912479500511965184
979447750529110017
952530515894169601
977221676697079808
1019533312052858880
999710267096354819
961962694650757121
1015587406374932480
927645648685551616
1011975204778729474
1002877499448152065
999686062082535424
1019378119671730176
912629775629418501
912443607084404736
994176238846664706
912481556127780865
947236393184628741
931477193255014400
1020316352140185600
1001424695126880258
1005479740000624640
933658521828315136
1009638183091359744
936339260218724353
1014146835135516672
1010320166486454272
835106143462703104
1017650505043140609
1008335560988078080
1017025848409550848
1005985339121504256
1007594445104189441
1003634405036961793
1001404640796336128
912664574461120512
973580538358374402
913117797231857664
925925920304779264
934029886842458112
1007591075601637376
914255264282480640
993562242124865536
963031666150313984
911193223921635335
966660169194229761
981859214380462081
999373224059265026
971402791930552322
1010246126820347906
938517073508163584
930750650010480640
923869147091451904
926054936718307328
1016367395294908421
951646736233189377
1003714332973322240
1020290163933630464
996739374619426816
908413134196572161
1006866982833131520
977855968364171264
1003806272360239104
991886413686861824
997429518867591170
914465475777695744
1017466758280679425
1016633811378073602
989225812166696960
982682227581636608
984631073865953280
1001978774219644929
988840512571441152
935712056690577414
920474831749025795
978432632273948674
985130802668294144
997577906007298048
1000831304836018176
910330501411590146
948548807612084224
908645126146265090
946519720450252800
1019695889626083331
914217117695795201
917130468025348096
912301271817838593
933517194142584833
1019891915402203139
912019957243883520
1011394762979586049
998524172858019840
1006694541083021312
1018943446583668736
925373392827666432
934031535757582336
939521466634326016
993810085540491264
973185831547670529
1002177521599860736
979108846408003584
930836707095863296
908724382440284160
976411208717950976
978226474485534720
1013023608040513537
921443729990397952
951419415794511872
985858100149309441
936437372706836480
978938860582440960
986218862625648640
1009895079631351808
1009094070638084118
912494675206053888
923925428372492288
1003952348962619392
960487657691385856
903600265420578819
987284041304100864
923552633633337344
925336826717593600
1012174976668061699
923871062072295427
943598090069536768
992562394051293186
997136144465842177
942123433873281024
914467502251528192
1017093020783710209
1010123101684883457
919162619889704961
991843153953964033
953264081871495168
997233764689498112
1001085207825534976
904307898213433344
1014094834863362049
1014092792329535488
950371619247153154
1001973090107248641
947180713236934657
1002510522032541701
973171763835228162
1004373239194320900
932570628451954688
910671525543645185
962398269593784321
1014875575557804034
942882250089271297
935545697360891904
990787671281819648
916655548623413248
1000138164923781121
1009555147108696064
1003738744061603843
951457382651056128
1005548570332631040
972210637018423301
941868639199916037
921323063945453574
992078098974703616
952887520790040576
1006296018210603008
905047095488516098
992880573025865729
910192375267561472
1001410457092218880
1019228676460773377
911655987857281024
919007577681354752
1010619779600642048
931254609041068032
1013143055417905152
996021417622851584
1000837182297464832
1009127586528661504
941291666564141057
939152197090148352
925424931390873602
996822740320575488
965272331978407937
906136682952568832
984759315046322177
923546192511946752
1018069319702458368
1004846478253273088
986643179452747776
1013016168377081856
933837062293291008
907946177022369792
910447064944955392
995816799341088770
954541219970977793
911549980946714624
1007974129474121728
1020287981020729344
921483820288921601
939475127552618496
912018945158402049
944308491887316992
923566287263068161
926249604936556545
964944088696049666
930089374187950081
921319017826091008
987038167730552832
918227740700102657
1012321218056384513
988037292932653056
981492087328792577
937314665176207360
1008330598363090944
902507855584092160
1012070304091435010
1009900144861634561
1019544304853966853
926404584456773632
1011053439575576576
1019545713435467776
930751807101562881
941400670766321666
936351772603568130
976891486510907393
1019230023897833479
1016327387154395138
950443653666713601
1006003345360908295
934026050388013056
935632396841562112
990307626784362496
982969547283161090
984032798821568513
1018062211909083136
925534445393928199
1010503423773507584
952526145064505345
923894747793580033
967023015035797504
908274366739345409
991644756995444736
912278438127525888
924966722544848896
993446539988217857
912670906828443648
987768453338673152
996822738101825538
992558888212946949
938469354089385985
920606910109356032
936219599422574592
1016695860267134976
1006839007492308992
837492425283219458
996723907867676673
984828878060335109
930050967067820032
1006619872367804416
973931154796457984
1005554268009422849
976914287217258497
1017411426237861890
1017446575474335744
933301876975718401
991028027785138177
1014272859408162816
944247868126318593
991884309400342529
1010156224749408258
988413372298416128
928279728125108225
1012174975061647360
948164289591902208
989144989690187776
1009450868641497094
1018890862653157381
948881133340708864
1016757033071079424
992524132884664321
1010978975391322112
1009579307847553024
989252420294336512
1014875894614319104
993452275648679938
937065834635292673
982954355509907457
972622325454659585
925688931823300609
1019526399542091776
1009071378371313664
994741305908649985
1017025845905494016
1020293430398935040
914189344533024768
1010502249263624195
968704442110545923
1006688157096501248
971349864125788160
1010153153084428288
948188264858603520
902889225061896196
1012759156426670083
973909651065528320
933918671503753216
936551346299338752
924251519121346560
987065049566138375
928325667556548608
1002950189668360192
927847471321141249
1016729137409486853
954097213608570880
936713881711529986
1019664477162278918
912848241535971331
939355447273906182
943543958730309633
926247543801044993
921829947093733376
1002971013313908738
985133017256660995
935881037254725632
1005988633747312640
915896809536589824
1003601217111707649
942439739264831488
996368474556583937
951478281303416832
951094078661414912
920597192666157057
978932860307505153
979326715272065024
923551572218572802
992523949698412544
1001220050995511298
912443924979077120
922067676708638721
911175765718421504
982724858743328777
922951009277825024
913724766208610304
909401572341370881
918808798059483136
944222979147337728
936005585019002887
1013037916216614912
930982399202217984
999249186762772481
924022268929433600
943842608631238656
936032275980079104
1007745343306584064
935339687006429185
988856839893897222
933921775984967681
1009076294615814145
948189482284707840
988415011382091776
948879774277128197
916635236238274561
987280537348866048
913723771336392704
937653535486959616
924249943719727104
916780428253687808
926419647708258304
935940131311190021
1013507396558303233
996728397362540545
1017290478839050240
1017288317342224384
948872192284155904
923244308848881665
1011574256117993472
996739376028835840
914227642131509248
926492915626663939
